30289.85
12.2746
0.5146
24.7
0.02983
0.004519
15.46
1.067
0.5795
6.196
324.2
2007.71
0.02654
0.1053
0.4239
94.36
0.1309
0.5091
0.02232
6.578
41.4
0.3803
11.817
0.941
1.019
0.684
0.08684
5.573
57.16
1.893
0.2188
1.1301
2.188
1.154
0.2221
0.006195
0.002201
0.1501
6.695
1.133
1.3955
1.586
0.17
0.0438
5.178
1.26
0.0663
0.002944
220.16
7.444
22.26
0.06499
130.8
3.223
0.02526
1.0983
1368.56
11.14
78.46
12.24
0.3056
0.0193
0.5339
12.38
1.117
3.9
29.81
8.78
547.33
0.2796
0.4268
2.225
0.2518
0.4915
0.0721
0.002778
0.7122
162.5
58.37
57.21
0.03921
0.1571
0.019661
0.1812
0.78
13.673
0.3619
0.00649
1.246
0.00975
43.77
0.0008455
2.626
0.000718
16.035
0.4001
0.0608
746.0
1.0181
1.631
0.6147
0.5153
0.2795
0.6791
0.0353
0.637
7.155
9043.0
0.0876
0.4676
0.02758
0.21426
3.664
0.6629
0.389
18.66
1.4117
0.0558
2043.0
22.165
0.2164
1192.0
35.94
41.12
0.392
0.6723
0.5649
7.39
14.13
18.86
0.2321
3.65
6.84
0.1202
0.03898
80.7
2.186
6.049
0.1389
0.3171
0.818
2783.23
81.75
8.76
0.1892
0.036
0.4705
0.592
0.02651
0.2449
43.641
0.06514
0.168
0.0212
5.02
0.04357
193.6
1.098
0.0668
3.796
5.61
1.16
0.5357
3.361
0.9999
0.9999
1.0
0.0044
1.227
1.141
0.4855
9.05
0.1832
0.2115
0.4145
0.545
0.01118
1.438
2.889
5.87
0.1533
0.0439
2.913
0.5433
0.037
0.01042
2.255
1.716
517.0
0.013863
0.83953
0.0521
0.1423
0.3879
0.00261
0.1679
122.8
0.3657
0.02152
17.62
