30274.73
12.335
0.5126
24.73
0.02978
0.004541
15.45
1.067
0.5804
6.191
323.9
2006.87
0.02645
0.1051
0.4286
94.12
0.1307
0.5072
0.02235
6.552
41.5
0.3799
11.784
0.933
1.017
0.688
0.08682
5.561
57.15
1.89
0.2184
1.1295
2.184
1.158
0.222
0.006217
0.002208
0.1498
6.763
1.133
1.396
1.579
0.1698
0.0439
5.192
1.259
0.0664
0.002942
220.16
7.451
22.33
0.06505
130.6
3.223
0.02517
1.0982
1368.56
11.14
78.46
12.24
0.3064
0.0193
0.5321
12.38
1.116
3.9
29.81
8.78
547.33
0.2796
0.427
2.225
0.2523
0.4915
0.0721
0.002778
0.704
162.0
58.37
57.21
0.03926
0.1569
0.019661
0.1816
0.782
13.673
0.362
0.00649
1.245
0.00974
43.88
0.0008455
2.62
0.000718
16.035
0.4008
0.0608
747.0
1.0181
1.626
0.6144
0.5153
0.28
0.6786
0.0355
0.641
7.178
9029.0
0.0876
0.4676
0.02765
0.21351
3.627
0.6624
0.391
18.63
1.408
0.05582
2042.0
22.165
0.2164
1192.0
35.85
41.11
0.393
0.6724
0.5649
7.73
14.02
18.82
0.2321
3.648
6.81
0.1201
0.03907
80.4
2.172
6.046
0.139
0.3166
0.818
2783.23
82.0
8.77
0.1899
0.036
0.4713
0.59
0.02666
0.2457
43.641
0.06507
0.169
0.0212
5.04
0.04349
193.6
1.094
0.0666
3.791
5.64
1.16
0.5357
3.33
0.9999
0.9999
1.0
0.00439
1.2264
1.138
0.4862
9.105
0.1843
0.2118
0.4153
0.544
0.01119
1.437
2.903
5.91
0.153
0.0435
2.905
0.5426
0.0368
0.01044
2.285
1.714
517.1
0.013828
0.83731
0.0521
0.1429
0.387
0.002625
0.1679
122.1
0.3659
0.02143
17.62
